data;

param M := 60;
param G := 6;

# <id grupo> <valor>
param LIM_MIN :=
	1 8
	2 9
	3 7
	4 10
	5 8
	6 8
;

# <id grupo> <valor>
param LIM_MAX :=
	1 13
	2 14
	3 13
	4 10
	5 13
	6 12
;

# <indivíduo i> <indivíduo j> <valor>
param difference :=
0 0 0
0 1 95
0 2 51
0 3 67
0 4 67
0 5 52
0 6 31
0 7 100
0 8 79
0 9 67
0 10 8
0 11 47
0 12 13
0 13 56
0 14 75
0 15 97
0 16 38
0 17 33
0 18 40
0 19 0
0 20 29
0 21 40
0 22 3
0 23 95
0 24 47
0 25 20
0 26 13
0 27 82
0 28 8
0 29 65
0 30 4
0 31 24
0 32 80
0 33 8
0 34 81
0 35 59
0 36 91
0 37 82
0 38 77
0 39 94
0 40 77
0 41 51
0 42 67
0 43 25
0 44 56
0 45 61
0 46 53
0 47 79
0 48 97
0 49 3
0 50 80
0 51 74
0 52 72
0 53 24
0 54 87
0 55 34
0 56 41
0 57 93
0 58 46
0 59 73
1 0 95
1 1 0
1 2 78
1 3 51
1 4 49
1 5 88
1 6 32
1 7 75
1 8 37
1 9 13
1 10 34
1 11 59
1 12 40
1 13 80
1 14 60
1 15 4
1 16 33
1 17 70
1 18 50
1 19 7
1 20 72
1 21 79
1 22 28
1 23 58
1 24 43
1 25 7
1 26 2
1 27 100
1 28 76
1 29 10
1 30 97
1 31 33
1 32 84
1 33 71
1 34 22
1 35 5
1 36 64
1 37 90
1 38 33
1 39 59
1 40 84
1 41 69
1 42 30
1 43 88
1 44 29
1 45 34
1 46 91
1 47 98
1 48 73
1 49 27
1 50 37
1 51 49
1 52 48
1 53 52
1 54 24
1 55 3
1 56 63
1 57 0
1 58 99
1 59 27
2 0 51
2 1 78
2 2 0
2 3 48
2 4 83
2 5 35
2 6 67
2 7 7
2 8 19
2 9 72
2 10 60
2 11 96
2 12 13
2 13 97
2 14 44
2 15 0
2 16 64
2 17 58
2 18 54
2 19 24
2 20 20
2 21 99
2 22 62
2 23 5
2 24 76
2 25 93
2 26 62
2 27 31
2 28 10
2 29 39
2 30 6
2 31 24
2 32 53
2 33 73
2 34 62
2 35 68
2 36 35
2 37 6
2 38 7
2 39 86
2 40 59
2 41 2
2 42 22
2 43 63
2 44 37
2 45 46
2 46 81
2 47 46
2 48 11
2 49 90
2 50 35
2 51 93
2 52 64
2 53 38
2 54 1
2 55 46
2 56 28
2 57 95
2 58 38
2 59 20
3 0 67
3 1 51
3 2 48
3 3 0
3 4 46
3 5 79
3 6 1
3 7 77
3 8 27
3 9 21
3 10 1
3 11 81
3 12 61
3 13 36
3 14 6
3 15 31
3 16 22
3 17 56
3 18 39
3 19 97
3 20 98
3 21 5
3 22 80
3 23 24
3 24 26
3 25 22
3 26 61
3 27 30
3 28 19
3 29 24
3 30 39
3 31 76
3 32 42
3 33 38
3 34 46
3 35 26
3 36 87
3 37 83
3 38 81
3 39 49
3 40 19
3 41 19
3 42 63
3 43 21
3 44 43
3 45 35
3 46 99
3 47 17
3 48 32
3 49 63
3 50 31
3 51 62
3 52 76
3 53 31
3 54 0
3 55 1
3 56 56
3 57 33
3 58 34
3 59 67
4 0 67
4 1 49
4 2 83
4 3 46
4 4 0
4 5 47
4 6 73
4 7 1
4 8 36
4 9 70
4 10 79
4 11 100
4 12 73
4 13 85
4 14 8
4 15 34
4 16 2
4 17 27
4 18 91
4 19 14
4 20 18
4 21 17
4 22 74
4 23 0
4 24 41
4 25 25
4 26 84
4 27 15
4 28 21
4 29 42
4 30 22
4 31 91
4 32 0
4 33 65
4 34 4
4 35 83
4 36 61
4 37 11
4 38 8
4 39 92
4 40 47
4 41 20
4 42 89
4 43 68
4 44 40
4 45 100
4 46 26
4 47 25
4 48 93
4 49 63
4 50 77
4 51 11
4 52 6
4 53 14
4 54 88
4 55 85
4 56 1
4 57 84
4 58 95
4 59 72
5 0 52
5 1 88
5 2 35
5 3 79
5 4 47
5 5 0
5 6 98
5 7 45
5 8 45
5 9 50
5 10 18
5 11 87
5 12 94
5 13 38
5 14 32
5 15 66
5 16 58
5 17 42
5 18 57
5 19 26
5 20 8
5 21 26
5 22 79
5 23 10
5 24 70
5 25 27
5 26 3
5 27 29
5 28 77
5 29 70
5 30 71
5 31 1
5 32 14
5 33 85
5 34 70
5 35 28
5 36 50
5 37 32
5 38 64
5 39 39
5 40 59
5 41 42
5 42 42
5 43 100
5 44 67
5 45 77
5 46 7
5 47 85
5 48 69
5 49 29
5 50 10
5 51 49
5 52 10
5 53 41
5 54 3
5 55 28
5 56 33
5 57 23
5 58 9
5 59 72
6 0 31
6 1 32
6 2 67
6 3 1
6 4 73
6 5 98
6 6 0
6 7 42
6 8 44
6 9 67
6 10 82
6 11 25
6 12 21
6 13 34
6 14 79
6 15 62
6 16 2
6 17 36
6 18 53
6 19 29
6 20 4
6 21 54
6 22 40
6 23 56
6 24 49
6 25 10
6 26 20
6 27 76
6 28 53
6 29 51
6 30 98
6 31 94
6 32 37
6 33 85
6 34 41
6 35 99
6 36 1
6 37 25
6 38 26
6 39 54
6 40 1
6 41 34
6 42 57
6 43 94
6 44 97
6 45 3
6 46 10
6 47 16
6 48 55
6 49 62
6 50 93
6 51 9
6 52 33
6 53 85
6 54 63
6 55 49
6 56 74
6 57 0
6 58 69
6 59 39
7 0 100
7 1 75
7 2 7
7 3 77
7 4 1
7 5 45
7 6 42
7 7 0
7 8 88
7 9 7
7 10 84
7 11 88
7 12 63
7 13 23
7 14 16
7 15 96
7 16 14
7 17 78
7 18 80
7 19 49
7 20 43
7 21 91
7 22 5
7 23 57
7 24 36
7 25 26
7 26 48
7 27 84
7 28 13
7 29 47
7 30 52
7 31 40
7 32 36
7 33 76
7 34 80
7 35 90
7 36 98
7 37 14
7 38 65
7 39 20
7 40 64
7 41 13
7 42 56
7 43 56
7 44 67
7 45 95
7 46 72
7 47 39
7 48 68
7 49 34
7 50 62
7 51 95
7 52 10
7 53 86
7 54 7
7 55 45
7 56 32
7 57 90
7 58 59
7 59 23
8 0 79
8 1 37
8 2 19
8 3 27
8 4 36
8 5 45
8 6 44
8 7 88
8 8 0
8 9 39
8 10 2
8 11 98
8 12 48
8 13 97
8 14 55
8 15 12
8 16 46
8 17 3
8 18 26
8 19 82
8 20 96
8 21 48
8 22 50
8 23 100
8 24 74
8 25 14
8 26 1
8 27 43
8 28 92
8 29 71
8 30 82
8 31 39
8 32 22
8 33 46
8 34 68
8 35 37
8 36 3
8 37 68
8 38 10
8 39 38
8 40 83
8 41 11
8 42 40
8 43 91
8 44 71
8 45 64
8 46 30
8 47 55
8 48 72
8 49 28
8 50 17
8 51 26
8 52 18
8 53 2
8 54 78
8 55 88
8 56 71
8 57 12
8 58 28
8 59 14
9 0 67
9 1 13
9 2 72
9 3 21
9 4 70
9 5 50
9 6 67
9 7 7
9 8 39
9 9 0
9 10 67
9 11 85
9 12 31
9 13 50
9 14 96
9 15 43
9 16 41
9 17 73
9 18 21
9 19 16
9 20 0
9 21 70
9 22 31
9 23 15
9 24 15
9 25 14
9 26 8
9 27 97
9 28 88
9 29 46
9 30 84
9 31 59
9 32 91
9 33 52
9 34 5
9 35 55
9 36 0
9 37 1
9 38 91
9 39 29
9 40 46
9 41 15
9 42 2
9 43 67
9 44 12
9 45 12
9 46 76
9 47 73
9 48 8
9 49 45
9 50 44
9 51 80
9 52 29
9 53 15
9 54 16
9 55 82
9 56 21
9 57 6
9 58 68
9 59 28
10 0 8
10 1 34
10 2 60
10 3 1
10 4 79
10 5 18
10 6 82
10 7 84
10 8 2
10 9 67
10 10 0
10 11 86
10 12 57
10 13 41
10 14 37
10 15 27
10 16 15
10 17 48
10 18 62
10 19 86
10 20 90
10 21 99
10 22 44
10 23 51
10 24 45
10 25 64
10 26 73
10 27 48
10 28 22
10 29 26
10 30 74
10 31 68
10 32 31
10 33 36
10 34 72
10 35 21
10 36 35
10 37 86
10 38 39
10 39 29
10 40 99
10 41 0
10 42 51
10 43 74
10 44 59
10 45 75
10 46 12
10 47 58
10 48 23
10 49 74
10 50 52
10 51 9
10 52 6
10 53 92
10 54 75
10 55 43
10 56 28
10 57 89
10 58 67
10 59 97
11 0 47
11 1 59
11 2 96
11 3 81
11 4 100
11 5 87
11 6 25
11 7 88
11 8 98
11 9 85
11 10 86
11 11 0
11 12 3
11 13 12
11 14 18
11 15 91
11 16 25
11 17 55
11 18 76
11 19 88
11 20 41
11 21 39
11 22 85
11 23 45
11 24 97
11 25 34
11 26 58
11 27 82
11 28 27
11 29 77
11 30 67
11 31 75
11 32 34
11 33 71
11 34 49
11 35 93
11 36 56
11 37 77
11 38 6
11 39 49
11 40 70
11 41 93
11 42 49
11 43 36
11 44 87
11 45 69
11 46 74
11 47 94
11 48 17
11 49 38
11 50 44
11 51 64
11 52 54
11 53 40
11 54 98
11 55 86
11 56 25
11 57 3
11 58 5
11 59 32
12 0 13
12 1 40
12 2 13
12 3 61
12 4 73
12 5 94
12 6 21
12 7 63
12 8 48
12 9 31
12 10 57
12 11 3
12 12 0
12 13 6
12 14 87
12 15 24
12 16 62
12 17 65
12 18 35
12 19 52
12 20 6
12 21 77
12 22 87
12 23 35
12 24 48
12 25 3
12 26 54
12 27 52
12 28 82
12 29 27
12 30 68
12 31 3
12 32 58
12 33 82
12 34 9
12 35 73
12 36 33
12 37 89
12 38 23
12 39 75
12 40 26
12 41 56
12 42 29
12 43 27
12 44 90
12 45 31
12 46 95
12 47 30
12 48 27
12 49 4
12 50 100
12 51 94
12 52 19
12 53 33
12 54 4
12 55 41
12 56 12
12 57 78
12 58 56
12 59 98
13 0 56
13 1 80
13 2 97
13 3 36
13 4 85
13 5 38
13 6 34
13 7 23
13 8 97
13 9 50
13 10 41
13 11 12
13 12 6
13 13 0
13 14 49
13 15 28
13 16 87
13 17 37
13 18 37
13 19 43
13 20 97
13 21 53
13 22 7
13 23 72
13 24 36
13 25 6
13 26 12
13 27 32
13 28 3
13 29 7
13 30 70
13 31 85
13 32 8
13 33 46
13 34 24
13 35 50
13 36 93
13 37 56
13 38 91
13 39 16
13 40 17
13 41 13
13 42 77
13 43 30
13 44 72
13 45 54
13 46 12
13 47 93
13 48 5
13 49 44
13 50 84
13 51 85
13 52 0
13 53 62
13 54 53
13 55 30
13 56 68
13 57 9
13 58 70
13 59 69
14 0 75
14 1 60
14 2 44
14 3 6
14 4 8
14 5 32
14 6 79
14 7 16
14 8 55
14 9 96
14 10 37
14 11 18
14 12 87
14 13 49
14 14 0
14 15 57
14 16 71
14 17 78
14 18 14
14 19 41
14 20 54
14 21 4
14 22 24
14 23 50
14 24 56
14 25 4
14 26 87
14 27 17
14 28 70
14 29 57
14 30 99
14 31 17
14 32 19
14 33 49
14 34 91
14 35 13
14 36 37
14 37 63
14 38 36
14 39 67
14 40 66
14 41 64
14 42 40
14 43 46
14 44 32
14 45 17
14 46 62
14 47 1
14 48 99
14 49 75
14 50 38
14 51 67
14 52 75
14 53 60
14 54 53
14 55 55
14 56 2
14 57 11
14 58 53
14 59 98
15 0 97
15 1 4
15 2 0
15 3 31
15 4 34
15 5 66
15 6 62
15 7 96
15 8 12
15 9 43
15 10 27
15 11 91
15 12 24
15 13 28
15 14 57
15 15 0
15 16 96
15 17 9
15 18 26
15 19 35
15 20 98
15 21 2
15 22 90
15 23 33
15 24 89
15 25 53
15 26 32
15 27 24
15 28 30
15 29 34
15 30 46
15 31 32
15 32 85
15 33 36
15 34 64
15 35 80
15 36 27
15 37 19
15 38 93
15 39 83
15 40 22
15 41 3
15 42 45
15 43 56
15 44 49
15 45 80
15 46 35
15 47 91
15 48 4
15 49 93
15 50 69
15 51 83
15 52 49
15 53 73
15 54 87
15 55 67
15 56 2
15 57 97
15 58 85
15 59 56
16 0 38
16 1 33
16 2 64
16 3 22
16 4 2
16 5 58
16 6 2
16 7 14
16 8 46
16 9 41
16 10 15
16 11 25
16 12 62
16 13 87
16 14 71
16 15 96
16 16 0
16 17 68
16 18 62
16 19 42
16 20 2
16 21 7
16 22 80
16 23 63
16 24 30
16 25 71
16 26 91
16 27 93
16 28 84
16 29 44
16 30 66
16 31 78
16 32 90
16 33 78
16 34 30
16 35 19
16 36 75
16 37 34
16 38 72
16 39 25
16 40 61
16 41 55
16 42 94
16 43 84
16 44 50
16 45 3
16 46 74
16 47 97
16 48 89
16 49 72
16 50 18
16 51 90
16 52 1
16 53 98
16 54 16
16 55 84
16 56 93
16 57 67
16 58 14
16 59 33
17 0 33
17 1 70
17 2 58
17 3 56
17 4 27
17 5 42
17 6 36
17 7 78
17 8 3
17 9 73
17 10 48
17 11 55
17 12 65
17 13 37
17 14 78
17 15 9
17 16 68
17 17 0
17 18 9
17 19 0
17 20 96
17 21 45
17 22 74
17 23 61
17 24 34
17 25 6
17 26 23
17 27 46
17 28 27
17 29 39
17 30 68
17 31 94
17 32 23
17 33 62
17 34 95
17 35 18
17 36 97
17 37 56
17 38 100
17 39 48
17 40 64
17 41 34
17 42 20
17 43 38
17 44 28
17 45 37
17 46 21
17 47 74
17 48 57
17 49 79
17 50 35
17 51 27
17 52 14
17 53 10
17 54 49
17 55 75
17 56 28
17 57 16
17 58 16
17 59 67
18 0 40
18 1 50
18 2 54
18 3 39
18 4 91
18 5 57
18 6 53
18 7 80
18 8 26
18 9 21
18 10 62
18 11 76
18 12 35
18 13 37
18 14 14
18 15 26
18 16 62
18 17 9
18 18 0
18 19 84
18 20 90
18 21 29
18 22 66
18 23 7
18 24 28
18 25 49
18 26 27
18 27 82
18 28 66
18 29 39
18 30 63
18 31 78
18 32 81
18 33 35
18 34 59
18 35 87
18 36 97
18 37 52
18 38 23
18 39 77
18 40 51
18 41 4
18 42 63
18 43 41
18 44 94
18 45 12
18 46 64
18 47 5
18 48 18
18 49 97
18 50 40
18 51 54
18 52 59
18 53 28
18 54 29
18 55 12
18 56 28
18 57 69
18 58 24
18 59 22
19 0 0
19 1 7
19 2 24
19 3 97
19 4 14
19 5 26
19 6 29
19 7 49
19 8 82
19 9 16
19 10 86
19 11 88
19 12 52
19 13 43
19 14 41
19 15 35
19 16 42
19 17 0
19 18 84
19 19 0
19 20 91
19 21 56
19 22 92
19 23 41
19 24 52
19 25 47
19 26 64
19 27 15
19 28 62
19 29 98
19 30 92
19 31 40
19 32 79
19 33 62
19 34 41
19 35 66
19 36 57
19 37 70
19 38 55
19 39 14
19 40 81
19 41 26
19 42 13
19 43 21
19 44 80
19 45 2
19 46 49
19 47 26
19 48 3
19 49 47
19 50 5
19 51 98
19 52 74
19 53 21
19 54 87
19 55 45
19 56 55
19 57 46
19 58 45
19 59 99
20 0 29
20 1 72
20 2 20
20 3 98
20 4 18
20 5 8
20 6 4
20 7 43
20 8 96
20 9 0
20 10 90
20 11 41
20 12 6
20 13 97
20 14 54
20 15 98
20 16 2
20 17 96
20 18 90
20 19 91
20 20 0
20 21 47
20 22 35
20 23 35
20 24 35
20 25 75
20 26 7
20 27 1
20 28 100
20 29 33
20 30 20
20 31 52
20 32 98
20 33 86
20 34 80
20 35 66
20 36 34
20 37 97
20 38 47
20 39 56
20 40 6
20 41 75
20 42 13
20 43 32
20 44 18
20 45 40
20 46 87
20 47 13
20 48 100
20 49 40
20 50 4
20 51 50
20 52 76
20 53 22
20 54 58
20 55 65
20 56 19
20 57 6
20 58 13
20 59 72
21 0 40
21 1 79
21 2 99
21 3 5
21 4 17
21 5 26
21 6 54
21 7 91
21 8 48
21 9 70
21 10 99
21 11 39
21 12 77
21 13 53
21 14 4
21 15 2
21 16 7
21 17 45
21 18 29
21 19 56
21 20 47
21 21 0
21 22 36
21 23 13
21 24 17
21 25 24
21 26 12
21 27 98
21 28 79
21 29 44
21 30 26
21 31 47
21 32 45
21 33 65
21 34 25
21 35 10
21 36 36
21 37 93
21 38 79
21 39 60
21 40 63
21 41 60
21 42 12
21 43 70
21 44 69
21 45 93
21 46 45
21 47 45
21 48 82
21 49 92
21 50 16
21 51 100
21 52 61
21 53 33
21 54 26
21 55 69
21 56 68
21 57 99
21 58 54
21 59 18
22 0 3
22 1 28
22 2 62
22 3 80
22 4 74
22 5 79
22 6 40
22 7 5
22 8 50
22 9 31
22 10 44
22 11 85
22 12 87
22 13 7
22 14 24
22 15 90
22 16 80
22 17 74
22 18 66
22 19 92
22 20 35
22 21 36
22 22 0
22 23 95
22 24 72
22 25 4
22 26 80
22 27 46
22 28 48
22 29 58
22 30 14
22 31 18
22 32 3
22 33 1
22 34 7
22 35 43
22 36 98
22 37 3
22 38 73
22 39 13
22 40 39
22 41 56
22 42 15
22 43 21
22 44 14
22 45 32
22 46 0
22 47 2
22 48 58
22 49 61
22 50 89
22 51 0
22 52 80
22 53 94
22 54 47
22 55 85
22 56 63
22 57 40
22 58 62
22 59 98
23 0 95
23 1 58
23 2 5
23 3 24
23 4 0
23 5 10
23 6 56
23 7 57
23 8 100
23 9 15
23 10 51
23 11 45
23 12 35
23 13 72
23 14 50
23 15 33
23 16 63
23 17 61
23 18 7
23 19 41
23 20 35
23 21 13
23 22 95
23 23 0
23 24 83
23 25 70
23 26 66
23 27 64
23 28 9
23 29 67
23 30 46
23 31 44
23 32 6
23 33 15
23 34 10
23 35 53
23 36 96
23 37 10
23 38 12
23 39 8
23 40 66
23 41 47
23 42 32
23 43 21
23 44 63
23 45 33
23 46 64
23 47 17
23 48 81
23 49 23
23 50 44
23 51 10
23 52 79
23 53 43
23 54 61
23 55 92
23 56 20
23 57 56
23 58 50
23 59 46
24 0 47
24 1 43
24 2 76
24 3 26
24 4 41
24 5 70
24 6 49
24 7 36
24 8 74
24 9 15
24 10 45
24 11 97
24 12 48
24 13 36
24 14 56
24 15 89
24 16 30
24 17 34
24 18 28
24 19 52
24 20 35
24 21 17
24 22 72
24 23 83
24 24 0
24 25 55
24 26 63
24 27 5
24 28 94
24 29 53
24 30 27
24 31 99
24 32 90
24 33 16
24 34 20
24 35 35
24 36 62
24 37 86
24 38 50
24 39 84
24 40 6
24 41 34
24 42 15
24 43 26
24 44 68
24 45 4
24 46 41
24 47 7
24 48 9
24 49 88
24 50 1
24 51 50
24 52 40
24 53 25
24 54 33
24 55 7
24 56 1
24 57 58
24 58 52
24 59 84
25 0 20
25 1 7
25 2 93
25 3 22
25 4 25
25 5 27
25 6 10
25 7 26
25 8 14
25 9 14
25 10 64
25 11 34
25 12 3
25 13 6
25 14 4
25 15 53
25 16 71
25 17 6
25 18 49
25 19 47
25 20 75
25 21 24
25 22 4
25 23 70
25 24 55
25 25 0
25 26 99
25 27 100
25 28 4
25 29 42
25 30 17
25 31 57
25 32 8
25 33 11
25 34 98
25 35 70
25 36 96
25 37 57
25 38 62
25 39 39
25 40 5
25 41 75
25 42 18
25 43 49
25 44 18
25 45 21
25 46 25
25 47 3
25 48 63
25 49 44
25 50 21
25 51 33
25 52 85
25 53 69
25 54 68
25 55 16
25 56 32
25 57 45
25 58 92
25 59 32
26 0 13
26 1 2
26 2 62
26 3 61
26 4 84
26 5 3
26 6 20
26 7 48
26 8 1
26 9 8
26 10 73
26 11 58
26 12 54
26 13 12
26 14 87
26 15 32
26 16 91
26 17 23
26 18 27
26 19 64
26 20 7
26 21 12
26 22 80
26 23 66
26 24 63
26 25 99
26 26 0
26 27 52
26 28 48
26 29 92
26 30 79
26 31 27
26 32 53
26 33 73
26 34 18
26 35 69
26 36 80
26 37 1
26 38 99
26 39 28
26 40 78
26 41 69
26 42 22
26 43 34
26 44 47
26 45 20
26 46 22
26 47 63
26 48 2
26 49 22
26 50 17
26 51 5
26 52 76
26 53 8
26 54 26
26 55 3
26 56 46
26 57 1
26 58 57
26 59 89
27 0 82
27 1 100
27 2 31
27 3 30
27 4 15
27 5 29
27 6 76
27 7 84
27 8 43
27 9 97
27 10 48
27 11 82
27 12 52
27 13 32
27 14 17
27 15 24
27 16 93
27 17 46
27 18 82
27 19 15
27 20 1
27 21 98
27 22 46
27 23 64
27 24 5
27 25 100
27 26 52
27 27 0
27 28 30
27 29 58
27 30 65
27 31 90
27 32 9
27 33 25
27 34 35
27 35 62
27 36 5
27 37 100
27 38 31
27 39 41
27 40 4
27 41 65
27 42 6
27 43 65
27 44 84
27 45 10
27 46 9
27 47 53
27 48 29
27 49 64
27 50 75
27 51 53
27 52 26
27 53 16
27 54 54
27 55 38
27 56 79
27 57 91
27 58 39
27 59 73
28 0 8
28 1 76
28 2 10
28 3 19
28 4 21
28 5 77
28 6 53
28 7 13
28 8 92
28 9 88
28 10 22
28 11 27
28 12 82
28 13 3
28 14 70
28 15 30
28 16 84
28 17 27
28 18 66
28 19 62
28 20 100
28 21 79
28 22 48
28 23 9
28 24 94
28 25 4
28 26 48
28 27 30
28 28 0
28 29 90
28 30 88
28 31 24
28 32 24
28 33 27
28 34 76
28 35 76
28 36 2
28 37 19
28 38 45
28 39 5
28 40 54
28 41 0
28 42 70
28 43 83
28 44 99
28 45 77
28 46 57
28 47 50
28 48 39
28 49 1
28 50 9
28 51 49
28 52 34
28 53 68
28 54 79
28 55 93
28 56 53
28 57 88
28 58 55
28 59 59
29 0 65
29 1 10
29 2 39
29 3 24
29 4 42
29 5 70
29 6 51
29 7 47
29 8 71
29 9 46
29 10 26
29 11 77
29 12 27
29 13 7
29 14 57
29 15 34
29 16 44
29 17 39
29 18 39
29 19 98
29 20 33
29 21 44
29 22 58
29 23 67
29 24 53
29 25 42
29 26 92
29 27 58
29 28 90
29 29 0
29 30 86
29 31 48
29 32 89
29 33 29
29 34 31
29 35 60
29 36 43
29 37 61
29 38 25
29 39 0
29 40 7
29 41 6
29 42 21
29 43 49
29 44 77
29 45 93
29 46 43
29 47 99
29 48 74
29 49 15
29 50 26
29 51 28
29 52 56
29 53 77
29 54 1
29 55 19
29 56 7
29 57 44
29 58 51
29 59 33
30 0 4
30 1 97
30 2 6
30 3 39
30 4 22
30 5 71
30 6 98
30 7 52
30 8 82
30 9 84
30 10 74
30 11 67
30 12 68
30 13 70
30 14 99
30 15 46
30 16 66
30 17 68
30 18 63
30 19 92
30 20 20
30 21 26
30 22 14
30 23 46
30 24 27
30 25 17
30 26 79
30 27 65
30 28 88
30 29 86
30 30 0
30 31 59
30 32 97
30 33 49
30 34 26
30 35 98
30 36 96
30 37 72
30 38 97
30 39 73
30 40 66
30 41 59
30 42 74
30 43 66
30 44 81
30 45 95
30 46 54
30 47 99
30 48 99
30 49 0
30 50 97
30 51 62
30 52 57
30 53 41
30 54 42
30 55 56
30 56 39
30 57 14
30 58 33
30 59 31
31 0 24
31 1 33
31 2 24
31 3 76
31 4 91
31 5 1
31 6 94
31 7 40
31 8 39
31 9 59
31 10 68
31 11 75
31 12 3
31 13 85
31 14 17
31 15 32
31 16 78
31 17 94
31 18 78
31 19 40
31 20 52
31 21 47
31 22 18
31 23 44
31 24 99
31 25 57
31 26 27
31 27 90
31 28 24
31 29 48
31 30 59
31 31 0
31 32 76
31 33 71
31 34 94
31 35 95
31 36 35
31 37 82
31 38 10
31 39 93
31 40 41
31 41 88
31 42 84
31 43 79
31 44 41
31 45 90
31 46 73
31 47 30
31 48 54
31 49 31
31 50 3
31 51 65
31 52 43
31 53 54
31 54 95
31 55 23
31 56 58
31 57 17
31 58 22
31 59 41
32 0 80
32 1 84
32 2 53
32 3 42
32 4 0
32 5 14
32 6 37
32 7 36
32 8 22
32 9 91
32 10 31
32 11 34
32 12 58
32 13 8
32 14 19
32 15 85
32 16 90
32 17 23
32 18 81
32 19 79
32 20 98
32 21 45
32 22 3
32 23 6
32 24 90
32 25 8
32 26 53
32 27 9
32 28 24
32 29 89
32 30 97
32 31 76
32 32 0
32 33 59
32 34 86
32 35 60
32 36 5
32 37 45
32 38 94
32 39 45
32 40 13
32 41 36
32 42 18
32 43 32
32 44 5
32 45 27
32 46 88
32 47 71
32 48 13
32 49 48
32 50 44
32 51 12
32 52 58
32 53 32
32 54 99
32 55 50
32 56 12
32 57 12
32 58 22
32 59 92
33 0 8
33 1 71
33 2 73
33 3 38
33 4 65
33 5 85
33 6 85
33 7 76
33 8 46
33 9 52
33 10 36
33 11 71
33 12 82
33 13 46
33 14 49
33 15 36
33 16 78
33 17 62
33 18 35
33 19 62
33 20 86
33 21 65
33 22 1
33 23 15
33 24 16
33 25 11
33 26 73
33 27 25
33 28 27
33 29 29
33 30 49
33 31 71
33 32 59
33 33 0
33 34 70
33 35 6
33 36 5
33 37 10
33 38 77
33 39 84
33 40 79
33 41 17
33 42 67
33 43 91
33 44 4
33 45 86
33 46 84
33 47 60
33 48 1
33 49 100
33 50 87
33 51 55
33 52 99
33 53 36
33 54 71
33 55 55
33 56 48
33 57 67
33 58 18
33 59 77
34 0 81
34 1 22
34 2 62
34 3 46
34 4 4
34 5 70
34 6 41
34 7 80
34 8 68
34 9 5
34 10 72
34 11 49
34 12 9
34 13 24
34 14 91
34 15 64
34 16 30
34 17 95
34 18 59
34 19 41
34 20 80
34 21 25
34 22 7
34 23 10
34 24 20
34 25 98
34 26 18
34 27 35
34 28 76
34 29 31
34 30 26
34 31 94
34 32 86
34 33 70
34 34 0
34 35 79
34 36 88
34 37 0
34 38 30
34 39 41
34 40 75
34 41 45
34 42 57
34 43 3
34 44 95
34 45 32
34 46 14
34 47 30
34 48 63
34 49 1
34 50 95
34 51 70
34 52 72
34 53 13
34 54 20
34 55 37
34 56 33
34 57 82
34 58 68
34 59 86
35 0 59
35 1 5
35 2 68
35 3 26
35 4 83
35 5 28
35 6 99
35 7 90
35 8 37
35 9 55
35 10 21
35 11 93
35 12 73
35 13 50
35 14 13
35 15 80
35 16 19
35 17 18
35 18 87
35 19 66
35 20 66
35 21 10
35 22 43
35 23 53
35 24 35
35 25 70
35 26 69
35 27 62
35 28 76
35 29 60
35 30 98
35 31 95
35 32 60
35 33 6
35 34 79
35 35 0
35 36 46
35 37 48
35 38 11
35 39 63
35 40 47
35 41 90
35 42 55
35 43 96
35 44 26
35 45 52
35 46 87
35 47 35
35 48 0
35 49 13
35 50 16
35 51 47
35 52 89
35 53 34
35 54 69
35 55 0
35 56 1
35 57 73
35 58 50
35 59 3
36 0 91
36 1 64
36 2 35
36 3 87
36 4 61
36 5 50
36 6 1
36 7 98
36 8 3
36 9 0
36 10 35
36 11 56
36 12 33
36 13 93
36 14 37
36 15 27
36 16 75
36 17 97
36 18 97
36 19 57
36 20 34
36 21 36
36 22 98
36 23 96
36 24 62
36 25 96
36 26 80
36 27 5
36 28 2
36 29 43
36 30 96
36 31 35
36 32 5
36 33 5
36 34 88
36 35 46
36 36 0
36 37 20
36 38 74
36 39 91
36 40 83
36 41 44
36 42 88
36 43 6
36 44 28
36 45 97
36 46 26
36 47 54
36 48 77
36 49 28
36 50 49
36 51 73
36 52 3
36 53 74
36 54 3
36 55 0
36 56 11
36 57 90
36 58 17
36 59 24
37 0 82
37 1 90
37 2 6
37 3 83
37 4 11
37 5 32
37 6 25
37 7 14
37 8 68
37 9 1
37 10 86
37 11 77
37 12 89
37 13 56
37 14 63
37 15 19
37 16 34
37 17 56
37 18 52
37 19 70
37 20 97
37 21 93
37 22 3
37 23 10
37 24 86
37 25 57
37 26 1
37 27 100
37 28 19
37 29 61
37 30 72
37 31 82
37 32 45
37 33 10
37 34 0
37 35 48
37 36 20
37 37 0
37 38 89
37 39 7
37 40 37
37 41 77
37 42 32
37 43 66
37 44 58
37 45 24
37 46 20
37 47 74
37 48 84
37 49 79
37 50 44
37 51 94
37 52 85
37 53 10
37 54 42
37 55 77
37 56 91
37 57 62
37 58 69
37 59 15
38 0 77
38 1 33
38 2 7
38 3 81
38 4 8
38 5 64
38 6 26
38 7 65
38 8 10
38 9 91
38 10 39
38 11 6
38 12 23
38 13 91
38 14 36
38 15 93
38 16 72
38 17 100
38 18 23
38 19 55
38 20 47
38 21 79
38 22 73
38 23 12
38 24 50
38 25 62
38 26 99
38 27 31
38 28 45
38 29 25
38 30 97
38 31 10
38 32 94
38 33 77
38 34 30
38 35 11
38 36 74
38 37 89
38 38 0
38 39 81
38 40 50
38 41 41
38 42 14
38 43 98
38 44 16
38 45 89
38 46 61
38 47 38
38 48 48
38 49 35
38 50 46
38 51 55
38 52 69
38 53 7
38 54 31
38 55 71
38 56 66
38 57 71
38 58 81
38 59 56
39 0 94
39 1 59
39 2 86
39 3 49
39 4 92
39 5 39
39 6 54
39 7 20
39 8 38
39 9 29
39 10 29
39 11 49
39 12 75
39 13 16
39 14 67
39 15 83
39 16 25
39 17 48
39 18 77
39 19 14
39 20 56
39 21 60
39 22 13
39 23 8
39 24 84
39 25 39
39 26 28
39 27 41
39 28 5
39 29 0
39 30 73
39 31 93
39 32 45
39 33 84
39 34 41
39 35 63
39 36 91
39 37 7
39 38 81
39 39 0
39 40 48
39 41 30
39 42 35
39 43 21
39 44 6
39 45 53
39 46 24
39 47 65
39 48 66
39 49 55
39 50 98
39 51 16
39 52 70
39 53 42
39 54 60
39 55 49
39 56 35
39 57 5
39 58 2
39 59 37
40 0 77
40 1 84
40 2 59
40 3 19
40 4 47
40 5 59
40 6 1
40 7 64
40 8 83
40 9 46
40 10 99
40 11 70
40 12 26
40 13 17
40 14 66
40 15 22
40 16 61
40 17 64
40 18 51
40 19 81
40 20 6
40 21 63
40 22 39
40 23 66
40 24 6
40 25 5
40 26 78
40 27 4
40 28 54
40 29 7
40 30 66
40 31 41
40 32 13
40 33 79
40 34 75
40 35 47
40 36 83
40 37 37
40 38 50
40 39 48
40 40 0
40 41 9
40 42 77
40 43 12
40 44 64
40 45 96
40 46 25
40 47 4
40 48 100
40 49 40
40 50 72
40 51 50
40 52 54
40 53 11
40 54 83
40 55 10
40 56 64
40 57 35
40 58 47
40 59 70
41 0 51
41 1 69
41 2 2
41 3 19
41 4 20
41 5 42
41 6 34
41 7 13
41 8 11
41 9 15
41 10 0
41 11 93
41 12 56
41 13 13
41 14 64
41 15 3
41 16 55
41 17 34
41 18 4
41 19 26
41 20 75
41 21 60
41 22 56
41 23 47
41 24 34
41 25 75
41 26 69
41 27 65
41 28 0
41 29 6
41 30 59
41 31 88
41 32 36
41 33 17
41 34 45
41 35 90
41 36 44
41 37 77
41 38 41
41 39 30
41 40 9
41 41 0
41 42 86
41 43 48
41 44 47
41 45 3
41 46 26
41 47 80
41 48 42
41 49 67
41 50 9
41 51 73
41 52 7
41 53 57
41 54 55
41 55 65
41 56 34
41 57 33
41 58 73
41 59 77
42 0 67
42 1 30
42 2 22
42 3 63
42 4 89
42 5 42
42 6 57
42 7 56
42 8 40
42 9 2
42 10 51
42 11 49
42 12 29
42 13 77
42 14 40
42 15 45
42 16 94
42 17 20
42 18 63
42 19 13
42 20 13
42 21 12
42 22 15
42 23 32
42 24 15
42 25 18
42 26 22
42 27 6
42 28 70
42 29 21
42 30 74
42 31 84
42 32 18
42 33 67
42 34 57
42 35 55
42 36 88
42 37 32
42 38 14
42 39 35
42 40 77
42 41 86
42 42 0
42 43 66
42 44 76
42 45 65
42 46 40
42 47 76
42 48 21
42 49 96
42 50 34
42 51 37
42 52 18
42 53 47
42 54 72
42 55 13
42 56 67
42 57 24
42 58 95
42 59 66
43 0 25
43 1 88
43 2 63
43 3 21
43 4 68
43 5 100
43 6 94
43 7 56
43 8 91
43 9 67
43 10 74
43 11 36
43 12 27
43 13 30
43 14 46
43 15 56
43 16 84
43 17 38
43 18 41
43 19 21
43 20 32
43 21 70
43 22 21
43 23 21
43 24 26
43 25 49
43 26 34
43 27 65
43 28 83
43 29 49
43 30 66
43 31 79
43 32 32
43 33 91
43 34 3
43 35 96
43 36 6
43 37 66
43 38 98
43 39 21
43 40 12
43 41 48
43 42 66
43 43 0
43 44 48
43 45 40
43 46 58
43 47 86
43 48 48
43 49 82
43 50 66
43 51 67
43 52 9
43 53 21
43 54 35
43 55 72
43 56 51
43 57 64
43 58 43
43 59 7
44 0 56
44 1 29
44 2 37
44 3 43
44 4 40
44 5 67
44 6 97
44 7 67
44 8 71
44 9 12
44 10 59
44 11 87
44 12 90
44 13 72
44 14 32
44 15 49
44 16 50
44 17 28
44 18 94
44 19 80
44 20 18
44 21 69
44 22 14
44 23 63
44 24 68
44 25 18
44 26 47
44 27 84
44 28 99
44 29 77
44 30 81
44 31 41
44 32 5
44 33 4
44 34 95
44 35 26
44 36 28
44 37 58
44 38 16
44 39 6
44 40 64
44 41 47
44 42 76
44 43 48
44 44 0
44 45 82
44 46 20
44 47 27
44 48 9
44 49 99
44 50 69
44 51 81
44 52 49
44 53 87
44 54 79
44 55 50
44 56 88
44 57 81
44 58 49
44 59 3
45 0 61
45 1 34
45 2 46
45 3 35
45 4 100
45 5 77
45 6 3
45 7 95
45 8 64
45 9 12
45 10 75
45 11 69
45 12 31
45 13 54
45 14 17
45 15 80
45 16 3
45 17 37
45 18 12
45 19 2
45 20 40
45 21 93
45 22 32
45 23 33
45 24 4
45 25 21
45 26 20
45 27 10
45 28 77
45 29 93
45 30 95
45 31 90
45 32 27
45 33 86
45 34 32
45 35 52
45 36 97
45 37 24
45 38 89
45 39 53
45 40 96
45 41 3
45 42 65
45 43 40
45 44 82
45 45 0
45 46 17
45 47 8
45 48 61
45 49 74
45 50 81
45 51 4
45 52 96
45 53 63
45 54 58
45 55 20
45 56 1
45 57 9
45 58 27
45 59 88
46 0 53
46 1 91
46 2 81
46 3 99
46 4 26
46 5 7
46 6 10
46 7 72
46 8 30
46 9 76
46 10 12
46 11 74
46 12 95
46 13 12
46 14 62
46 15 35
46 16 74
46 17 21
46 18 64
46 19 49
46 20 87
46 21 45
46 22 0
46 23 64
46 24 41
46 25 25
46 26 22
46 27 9
46 28 57
46 29 43
46 30 54
46 31 73
46 32 88
46 33 84
46 34 14
46 35 87
46 36 26
46 37 20
46 38 61
46 39 24
46 40 25
46 41 26
46 42 40
46 43 58
46 44 20
46 45 17
46 46 0
46 47 98
46 48 50
46 49 38
46 50 70
46 51 78
46 52 46
46 53 19
46 54 45
46 55 34
46 56 1
46 57 95
46 58 60
46 59 79
47 0 79
47 1 98
47 2 46
47 3 17
47 4 25
47 5 85
47 6 16
47 7 39
47 8 55
47 9 73
47 10 58
47 11 94
47 12 30
47 13 93
47 14 1
47 15 91
47 16 97
47 17 74
47 18 5
47 19 26
47 20 13
47 21 45
47 22 2
47 23 17
47 24 7
47 25 3
47 26 63
47 27 53
47 28 50
47 29 99
47 30 99
47 31 30
47 32 71
47 33 60
47 34 30
47 35 35
47 36 54
47 37 74
47 38 38
47 39 65
47 40 4
47 41 80
47 42 76
47 43 86
47 44 27
47 45 8
47 46 98
47 47 0
47 48 44
47 49 94
47 50 29
47 51 63
47 52 46
47 53 37
47 54 64
47 55 31
47 56 42
47 57 33
47 58 0
47 59 71
48 0 97
48 1 73
48 2 11
48 3 32
48 4 93
48 5 69
48 6 55
48 7 68
48 8 72
48 9 8
48 10 23
48 11 17
48 12 27
48 13 5
48 14 99
48 15 4
48 16 89
48 17 57
48 18 18
48 19 3
48 20 100
48 21 82
48 22 58
48 23 81
48 24 9
48 25 63
48 26 2
48 27 29
48 28 39
48 29 74
48 30 99
48 31 54
48 32 13
48 33 1
48 34 63
48 35 0
48 36 77
48 37 84
48 38 48
48 39 66
48 40 100
48 41 42
48 42 21
48 43 48
48 44 9
48 45 61
48 46 50
48 47 44
48 48 0
48 49 26
48 50 30
48 51 94
48 52 14
48 53 83
48 54 36
48 55 41
48 56 58
48 57 8
48 58 85
48 59 26
49 0 3
49 1 27
49 2 90
49 3 63
49 4 63
49 5 29
49 6 62
49 7 34
49 8 28
49 9 45
49 10 74
49 11 38
49 12 4
49 13 44
49 14 75
49 15 93
49 16 72
49 17 79
49 18 97
49 19 47
49 20 40
49 21 92
49 22 61
49 23 23
49 24 88
49 25 44
49 26 22
49 27 64
49 28 1
49 29 15
49 30 0
49 31 31
49 32 48
49 33 100
49 34 1
49 35 13
49 36 28
49 37 79
49 38 35
49 39 55
49 40 40
49 41 67
49 42 96
49 43 82
49 44 99
49 45 74
49 46 38
49 47 94
49 48 26
49 49 0
49 50 77
49 51 5
49 52 43
49 53 69
49 54 38
49 55 62
49 56 97
49 57 9
49 58 81
49 59 57
50 0 80
50 1 37
50 2 35
50 3 31
50 4 77
50 5 10
50 6 93
50 7 62
50 8 17
50 9 44
50 10 52
50 11 44
50 12 100
50 13 84
50 14 38
50 15 69
50 16 18
50 17 35
50 18 40
50 19 5
50 20 4
50 21 16
50 22 89
50 23 44
50 24 1
50 25 21
50 26 17
50 27 75
50 28 9
50 29 26
50 30 97
50 31 3
50 32 44
50 33 87
50 34 95
50 35 16
50 36 49
50 37 44
50 38 46
50 39 98
50 40 72
50 41 9
50 42 34
50 43 66
50 44 69
50 45 81
50 46 70
50 47 29
50 48 30
50 49 77
50 50 0
50 51 18
50 52 19
50 53 59
50 54 51
50 55 63
50 56 22
50 57 63
50 58 1
50 59 23
51 0 74
51 1 49
51 2 93
51 3 62
51 4 11
51 5 49
51 6 9
51 7 95
51 8 26
51 9 80
51 10 9
51 11 64
51 12 94
51 13 85
51 14 67
51 15 83
51 16 90
51 17 27
51 18 54
51 19 98
51 20 50
51 21 100
51 22 0
51 23 10
51 24 50
51 25 33
51 26 5
51 27 53
51 28 49
51 29 28
51 30 62
51 31 65
51 32 12
51 33 55
51 34 70
51 35 47
51 36 73
51 37 94
51 38 55
51 39 16
51 40 50
51 41 73
51 42 37
51 43 67
51 44 81
51 45 4
51 46 78
51 47 63
51 48 94
51 49 5
51 50 18
51 51 0
51 52 64
51 53 2
51 54 93
51 55 65
51 56 92
51 57 17
51 58 41
51 59 40
52 0 72
52 1 48
52 2 64
52 3 76
52 4 6
52 5 10
52 6 33
52 7 10
52 8 18
52 9 29
52 10 6
52 11 54
52 12 19
52 13 0
52 14 75
52 15 49
52 16 1
52 17 14
52 18 59
52 19 74
52 20 76
52 21 61
52 22 80
52 23 79
52 24 40
52 25 85
52 26 76
52 27 26
52 28 34
52 29 56
52 30 57
52 31 43
52 32 58
52 33 99
52 34 72
52 35 89
52 36 3
52 37 85
52 38 69
52 39 70
52 40 54
52 41 7
52 42 18
52 43 9
52 44 49
52 45 96
52 46 46
52 47 46
52 48 14
52 49 43
52 50 19
52 51 64
52 52 0
52 53 74
52 54 99
52 55 91
52 56 96
52 57 55
52 58 9
52 59 33
53 0 24
53 1 52
53 2 38
53 3 31
53 4 14
53 5 41
53 6 85
53 7 86
53 8 2
53 9 15
53 10 92
53 11 40
53 12 33
53 13 62
53 14 60
53 15 73
53 16 98
53 17 10
53 18 28
53 19 21
53 20 22
53 21 33
53 22 94
53 23 43
53 24 25
53 25 69
53 26 8
53 27 16
53 28 68
53 29 77
53 30 41
53 31 54
53 32 32
53 33 36
53 34 13
53 35 34
53 36 74
53 37 10
53 38 7
53 39 42
53 40 11
53 41 57
53 42 47
53 43 21
53 44 87
53 45 63
53 46 19
53 47 37
53 48 83
53 49 69
53 50 59
53 51 2
53 52 74
53 53 0
53 54 32
53 55 36
53 56 11
53 57 83
53 58 25
53 59 23
54 0 87
54 1 24
54 2 1
54 3 0
54 4 88
54 5 3
54 6 63
54 7 7
54 8 78
54 9 16
54 10 75
54 11 98
54 12 4
54 13 53
54 14 53
54 15 87
54 16 16
54 17 49
54 18 29
54 19 87
54 20 58
54 21 26
54 22 47
54 23 61
54 24 33
54 25 68
54 26 26
54 27 54
54 28 79
54 29 1
54 30 42
54 31 95
54 32 99
54 33 71
54 34 20
54 35 69
54 36 3
54 37 42
54 38 31
54 39 60
54 40 83
54 41 55
54 42 72
54 43 35
54 44 79
54 45 58
54 46 45
54 47 64
54 48 36
54 49 38
54 50 51
54 51 93
54 52 99
54 53 32
54 54 0
54 55 25
54 56 32
54 57 18
54 58 99
54 59 10
55 0 34
55 1 3
55 2 46
55 3 1
55 4 85
55 5 28
55 6 49
55 7 45
55 8 88
55 9 82
55 10 43
55 11 86
55 12 41
55 13 30
55 14 55
55 15 67
55 16 84
55 17 75
55 18 12
55 19 45
55 20 65
55 21 69
55 22 85
55 23 92
55 24 7
55 25 16
55 26 3
55 27 38
55 28 93
55 29 19
55 30 56
55 31 23
55 32 50
55 33 55
55 34 37
55 35 0
55 36 0
55 37 77
55 38 71
55 39 49
55 40 10
55 41 65
55 42 13
55 43 72
55 44 50
55 45 20
55 46 34
55 47 31
55 48 41
55 49 62
55 50 63
55 51 65
55 52 91
55 53 36
55 54 25
55 55 0
55 56 43
55 57 66
55 58 61
55 59 19
56 0 41
56 1 63
56 2 28
56 3 56
56 4 1
56 5 33
56 6 74
56 7 32
56 8 71
56 9 21
56 10 28
56 11 25
56 12 12
56 13 68
56 14 2
56 15 2
56 16 93
56 17 28
56 18 28
56 19 55
56 20 19
56 21 68
56 22 63
56 23 20
56 24 1
56 25 32
56 26 46
56 27 79
56 28 53
56 29 7
56 30 39
56 31 58
56 32 12
56 33 48
56 34 33
56 35 1
56 36 11
56 37 91
56 38 66
56 39 35
56 40 64
56 41 34
56 42 67
56 43 51
56 44 88
56 45 1
56 46 1
56 47 42
56 48 58
56 49 97
56 50 22
56 51 92
56 52 96
56 53 11
56 54 32
56 55 43
56 56 0
56 57 26
56 58 62
56 59 66
57 0 93
57 1 0
57 2 95
57 3 33
57 4 84
57 5 23
57 6 0
57 7 90
57 8 12
57 9 6
57 10 89
57 11 3
57 12 78
57 13 9
57 14 11
57 15 97
57 16 67
57 17 16
57 18 69
57 19 46
57 20 6
57 21 99
57 22 40
57 23 56
57 24 58
57 25 45
57 26 1
57 27 91
57 28 88
57 29 44
57 30 14
57 31 17
57 32 12
57 33 67
57 34 82
57 35 73
57 36 90
57 37 62
57 38 71
57 39 5
57 40 35
57 41 33
57 42 24
57 43 64
57 44 81
57 45 9
57 46 95
57 47 33
57 48 8
57 49 9
57 50 63
57 51 17
57 52 55
57 53 83
57 54 18
57 55 66
57 56 26
57 57 0
57 58 37
57 59 46
58 0 46
58 1 99
58 2 38
58 3 34
58 4 95
58 5 9
58 6 69
58 7 59
58 8 28
58 9 68
58 10 67
58 11 5
58 12 56
58 13 70
58 14 53
58 15 85
58 16 14
58 17 16
58 18 24
58 19 45
58 20 13
58 21 54
58 22 62
58 23 50
58 24 52
58 25 92
58 26 57
58 27 39
58 28 55
58 29 51
58 30 33
58 31 22
58 32 22
58 33 18
58 34 68
58 35 50
58 36 17
58 37 69
58 38 81
58 39 2
58 40 47
58 41 73
58 42 95
58 43 43
58 44 49
58 45 27
58 46 60
58 47 0
58 48 85
58 49 81
58 50 1
58 51 41
58 52 9
58 53 25
58 54 99
58 55 61
58 56 62
58 57 37
58 58 0
58 59 6
59 0 73
59 1 27
59 2 20
59 3 67
59 4 72
59 5 72
59 6 39
59 7 23
59 8 14
59 9 28
59 10 97
59 11 32
59 12 98
59 13 69
59 14 98
59 15 56
59 16 33
59 17 67
59 18 22
59 19 99
59 20 72
59 21 18
59 22 98
59 23 46
59 24 84
59 25 32
59 26 89
59 27 73
59 28 59
59 29 33
59 30 31
59 31 41
59 32 92
59 33 77
59 34 86
59 35 3
59 36 24
59 37 15
59 38 56
59 39 37
59 40 70
59 41 77
59 42 66
59 43 7
59 44 3
59 45 88
59 46 79
59 47 71
59 48 26
59 49 57
59 50 23
59 51 40
59 52 33
59 53 23
59 54 10
59 55 19
59 56 66
59 57 46
59 58 6
59 59 0
;

end;
